0.00020806
0.000874442
0.00154015
0.00210242
0.0030094
0.00497048
0.0046458
0.00531267
0.00839315
0.00544804
0.00439209
0.0116636
0.0144932
0.0103299
0.00768928
-0.00109537
-0.0264616
-0.0333985
-0.0106384
-0.0158281
-0.0319394
-0.0244277
-0.0363687
-0.0336407
0.000116816
0.00239853
0.0113584
0.0387557
0.0493634
0.0793557
0.103062
0.0835141
0.0634629
0.0691905
0.0723709
0.0275065
-0.0165521
0.00398699
-0.0245544
-0.136758
-0.123675
-0.0427266
-0.0966892
-0.0904735
-0.00212071
0.0223511
0.0996973
0.0880518
0.029641
0.137679
0.127924
0.0173496
-0.0609859
-0.101423
0.0868033
0.155739
0.0189858
0.0511418
0.0704073
0.1178
0.222285
0.104776
-0.0346007
-0.145472
-0.322656
-0.357271
-0.174269
0.0196602
-0.13442
-0.334547
0.0646392
0.50022
0.229593
-0.232023
-0.279859
-0.0659226
0.136741
0.24731
0.0661323
-0.286429
-0.109995
0.250525
-0.0181854
-0.107631
0.285153
0.3073
0.3032
0.458099
0.337179
0.300814
0.227846
-0.113639
-0.127389
-0.051959
-0.292109
-0.225537
0.017348
-0.077088
-0.193798
-0.408971
-0.590097
-0.358243
-0.173048
0.0799534
0.334594
0.0669097
-0.0272099
0.00560428
-0.376505
-0.390391
0.14724
0.489338
0.425061
0.418786
0.592447
0.561921
0.344464
-0.00663213
-0.150826
0.0513142
-0.0393301
-0.169303
-0.250528
-0.390186
0.143502
0.4924
-0.0133231
-0.105726
0.325026
0.441818
0.0415078
-0.444218
-0.481162
-0.324728
-0.240494
-0.155494
-0.133275
-0.0495519
0.127776
0.139695
-0.0112191
-0.0327211
-0.0930762
-0.459272
-0.64118
-0.517199
-0.501277
-0.463349
-0.457703
-0.6566
-0.710298
-0.562438
-0.268124
0.135832
0.238661
0.277039
0.576817
0.479745
-0.141287
-0.468301
-0.186072
-0.00241809
-0.249261
-0.260639
-0.183943
-0.222956
0.0591535
0.147716
0.176009
0.578114
0.502382
0.0945158
0.0146098
0.0244607
0.0215571
0.0840636
0.151685
0.105393
0.0855229
-0.000513134
-0.248982
-0.132439
0.0867521
0.0586915
0.18708
0.422906
0.505819
0.289745
0.0107597
-0.210149
-0.368041
-0.220065
-0.305461
-0.359469
-0.112013
-0.272154
-0.228451
-0.213638
-0.344363
0.0390421
-0.132399
-0.151778
0.338157
0.151455
0.266129
0.429447
0.391877
0.589426
0.187973
0.297901
0.441638
-0.121719
0.0811362
0.37178
0.474286
0.744504
0.580976
0.328435
0.19615
0.270026
0.155465
-0.329992
-0.277312
-0.384991
-0.561535
-0.185158
-0.34824
-0.425052
-0.0250962
0.0336816
0.190023
0.224037
-0.166929
-0.406752
-0.329764
-0.186132
-0.299649
-0.325414
0.0322657
0.319449
0.351736
0.308238
0.243227
-0.166628
-0.76159
-0.647683
-0.0966594
-0.0493833
-0.15333
-0.0586258
-0.114514
-0.0431871
0.0271209
-0.313872
-0.457903
-0.391601
-0.294479
-0.027787
-0.0644259
-0.0617838
0.154754
0.0936838
0.0357654
-0.100723
-0.139777
0.0777359
-0.0658832
-0.0210974
0.375089
0.39183
0.323428
0.354742
0.381618
0.369
0.199266
0.185682
0.296991
0.215367
0.0514386
-0.143834
-0.243017
-0.102111
-0.138301
-0.352512
-0.0618403
0.497912
0.636589
0.514077
0.426508
0.303405
0.0752848
-0.0623299
-0.0404059
-0.0316728
-0.0308666
-0.165009
-0.272885
-0.165338
-0.236055
-0.174603
0.200145
0.356468
0.404083
0.294008
0.0543855
0.0857549
0.0899315
0.114902
0.411011
0.517222
0.346097
0.00691276
-0.502087
-0.594227
-0.231387
-0.0470615
0.132794
0.212006
-0.122287
-0.190057
0.0804725
0.174965
-0.00683084
-0.219658
0.0539672
0.431849
0.618687
0.846723
0.62704
0.2078
0.0818115
0.0939291
0.134673
-0.139334
-0.267198
-0.00554113
-0.0515714
-0.263515
-0.454287
-0.426445
-0.0712371
0.0601471
0.0640055
0.154354
0.246248
0.23214
0.234379
0.526648
0.514798
0.420236
0.655686
0.396207
0.0895492
0.282051
0.640513
0.905461
0.551001
0.106189
0.0893873
0.00677838
0.134538
0.249531
0.149688
0.243835
0.143851
-0.31796
-0.677241
-0.592353
-0.349689
-0.353292
-0.344762
-0.272911
-0.202182
-0.221684
-0.329855
-0.0830804
0.016561
-0.212216
-0.0136526
0.0917202
-0.127961
-0.0701189
-0.0616981
-0.263697
-0.37506
-0.345097
-0.184093
-0.141804
-0.266571
-0.300201
-0.237543
0.077701
0.572639
0.547014
0.0699715
-0.106779
0.13158
0.374153
0.316266
0.12536
-0.163228
-0.457937
-0.34098
-0.123079
-0.705421
-0.951216
-0.549612
-0.499876
-0.239643
0.249114
0.0698416
-0.0645377
0.217031
0.197053
0.223252
0.421683
0.277031
-0.0930589
-0.19322
-0.194154
-0.27746
0.0962906
0.334488
-0.127661
-0.352284
-0.488581
-0.487958
0.214254
0.483857
0.168224
-0.0232078
-0.207562
-0.22856
-0.33523
-0.585893
-0.545288
-0.335473
-0.207024
-0.258777
-0.198595
-0.317368
-0.727315
-0.51817
-0.23343
-0.279571
-0.258265
-0.511202
-0.294969
0.254218
0.0511799
-0.0861103
-0.0105761
-0.363164
-0.723111
-0.659863
-0.254197
0.160267
0.448641
0.386387
0.157759
0.233586
0.214295
0.240301
0.376221
0.100507
-0.0622895
-0.140941
-0.400674
-0.273895
-0.0393617
-0.242781
-0.671134
-0.57622
-0.115344
-0.38557
-0.693493
-0.285121
-0.0687771
-0.0871172
-0.000913244
0.233322
0.661081
0.669239
0.478439
0.534413
0.378291
0.279377
0.0651626
-0.364564
-0.0521769
0.0959343
-0.233086
0.139978
0.260396
-0.0949658
-0.121236
-0.0970061
0.0471881
-0.0634732
-0.0736246
0.444714
0.296575
0.0482426
0.24288
0.15915
0.177271
0.219763
0.359614
0.536406
0.209839
0.21339
0.412092
0.190164
0.0633054
-0.0328595
-0.254465
-0.46436
-0.313486
0.00879834
-0.0969116
-0.13888
-0.205182
-0.344232
0.0652731
0.314619
0.204361
0.188272
0.182431
0.257145
0.126543
-0.00125731
0.121875
-0.0516827
-0.164464
0.146724
0.277552
0.130748
0.0776113
0.10467
0.241372
0.464818
0.363628
0.151624
0.0932556
-0.00316493
0.0199461
-0.0732333
-0.279545
-0.269116
-0.304194
-0.202791
0.0604506
0.438447
1
0.359299
-0.00683072
0.380263
0.306648
0.123663
0.276758
0.00310441
-0.413035
-0.439921
-0.431704
-0.628913
-0.57361
-0.43597
-0.612853
-0.492376
-0.265671
-0.342561
-0.169638
0.010397
-0.144181
-0.20351
-0.0291634
0.176761
0.353436
0.542756
0.500266
0.210421
0.0290108
0.0202618
0.104335
0.057181
-0.131022
-0.166613
-0.122104
-0.180697
-0.278455
-0.118214
0.0208917
-0.253843
-0.163802
0.217847
0.0778913
-0.0659723
0.0832604
0.256298
0.235592
-0.0458482
0.0489749
0.393948
0.319414
-0.00876775
-0.276649
-0.223939
-0.1736
-0.320842
-0.00774909
0.316316
0.136446
0.0291234
-0.0750835
-0.156146
0.129005
0.380922
0.269428
-0.0607094
-0.109126
0.248696
0.375837
0.298046
0.354951
0.312387
0.220099
0.250279
0.296361
0.160761
-0.133984
-0.115585
0.0640018
-0.0299613
0.0506068
0.221067
-0.0121203
-0.122074
0.0535299
0.0196733
-0.0104524
0.155805
0.198971
0.0809953
-0.0659305
-0.119919
-0.0382659
0.0442025
0.165781
0.147843
-0.089757
-0.0480699
0.0394433
-0.163501
-0.226575
-0.196343
-0.0886763
0.124663
0.0684984
0.0144633
0.072725
-0.0151695
-0.0249786
0.0635795
0.135559
0.103772
-0.0283634
-0.025769
-0.0412483
-0.152335
-0.208467
-0.187028
-0.01874
0.0715625
0.100538
0.301328
0.379465
0.265268
0.123181
-0.0111258
-0.0976346
-0.209898
-0.223626
-0.128292
-0.104801
-0.0678727
-0.0588761
-0.0774064
0.014407
0.0522464
-0.0428324
-0.121446
-0.122673
-0.0234687
0.0757797
-0.021523
-0.0643187
0.144967
0.137161
-0.105054
-0.238995
-0.322518
-0.241077
-0.0714645
-0.0249483
0.00145276
-0.0561415
-0.0471853
0.0927376
0.0713404
0.0420243
0.0645309
-0.0187481
-0.0297488
0.0522124
0.0203669
-0.0302407
0.0865178
0.166119
0.147015
0.137332
0.0203057
-0.00806863
0.0361915
-0.0170829
0.109878
0.167252
0.00558361
-0.0485331
-0.123126
-0.133523
-0.00464064
-0.0397258
-0.18553
-0.267334
-0.236413
-0.0737006
0.120662
0.0768438
-0.0791292
0.0453208
0.0530046
-0.16296
-0.195973
-0.234458
-0.158492
-0.004953
-0.1069
-0.114801
-0.109592
-0.23729
