0.000115137
0.000192222
0.000320299
0.00031634
0.000485702
-0.000282608
0.000662129
0.00174712
-0.0002276
0.00241037
0.00700099
0.00898187
0.0117273
0.0149401
0.00886165
-0.014229
-0.0191173
0.00470887
0.0239659
0.0242995
-0.0175981
-0.0405124
0.00368581
0.00999236
0.00332298
0.0487692
0.0489102
0.0109676
0.0115993
0.0242941
0.00998751
0.00133863
0.0564274
0.0774478
-0.0172798
-0.0411072
0.0390586
0.00145635
-0.0853276
-0.0745457
-0.0555603
0.0130104
0.0866771
0.011762
0.0100664
0.0963016
-0.0124099
-0.142121
-0.108577
-0.0635942
-0.0453248
-0.037314
-0.069091
-0.136786
-0.202732
-0.13303
0.00980519
0.0128132
0.0019536
-0.00843863
-0.103071
0.0249662
0.161575
-0.0467794
-0.11289
0.085895
0.292648
0.362652
-0.00983542
-0.237094
0.0669679
0.0289353
-0.196036
0.0104957
0.345272
0.509993
0.121296
-0.308203
-0.0690139
0.11249
0.153191
0.24801
-0.0730973
-0.219512
-0.0312786
-0.144506
-0.25841
-0.0548619
0.168622
-0.0344213
-0.299627
0.0151434
0.295265
0.152996
-0.0216776
-0.110638
-0.100007
-0.0606001
0.165257
0.416356
0.302274
0.257099
0.333083
0.181409
-0.143117
-0.491868
-0.355587
0.101014
-0.00701116
-0.431629
-0.472813
-0.343797
-0.208055
0.106316
0.204261
0.22973
0.525225
0.354607
0.0244615
0.242696
0.395814
0.245436
-0.0683474
-0.317188
-0.260312
-0.131997
0.0107292
0.0216851
-0.12565
-0.275413
-0.237417
0.226579
0.369474
0.121498
0.0516537
-0.1897
-0.237319
-0.12436
-0.154978
0.0904102
0.0124534
-0.257394
-0.275873
-0.360034
-0.0568518
0.115482
-0.225748
-0.400739
-0.574261
-0.489514
-0.205824
-0.115586
0.387875
0.915551
0.982219
1
0.711355
0.20256
0.0493101
-0.00945119
-0.23955
-0.227738
0.0161608
0.100048
0.0483902
-0.0781188
-0.286131
-0.467937
-0.564841
-0.613647
-0.483071
-0.198265
-0.29344
-0.325036
0.203314
0.312335
0.0516198
0.0975586
0.267253
0.57407
0.718188
0.481826
0.0791771
-0.120371
0.220832
0.28901
0.0175256
0.0955894
0.0394724
-0.0295061
-0.0321407
-0.278872
-0.15249
0.0767278
-0.194456
-0.515962
-0.577072
-0.546663
-0.390836
0.137839
0.345822
-0.0806133
-0.116975
-0.117242
-0.498412
-0.331458
-0.102424
-0.286617
-0.251805
-0.287763
-0.565391
-0.614953
-0.424693
-0.129127
0.196116
0.124676
-0.0759864
0.117974
0.21072
-0.0136412
-0.169142
0.0804629
0.453008
0.662728
0.927128
0.753455
0.459519
0.635154
0.35167
-0.0859881
-0.159231
-0.36943
-0.208596
0.190533
0.175757
0.0135458
-0.163032
-0.272308
-0.354285
-0.378572
-0.203059
-0.246072
-0.312161
0.117095
0.523023
0.511862
0.377676
0.16455
-0.191117
-0.366706
-0.151419
0.142047
0.196376
0.168643
0.266963
0.370882
0.287937
0.0867182
0.087617
0.0249091
-0.347503
-0.398223
-0.379778
-0.57558
-0.34868
-0.132943
-0.134878
-0.0366645
0.00800531
0.263032
0.358077
0.253355
0.407458
0.226
0.121226
0.346487
0.254559
0.281094
0.256105
0.0790536
0.285345
0.360202
0.19493
0.0419514
-0.161838
-0.0772933
0.239191
0.25042
-0.169752
-0.60778
-0.632131
-0.166987
0.150792
-0.303409
-0.634713
-0.220492
0.168505
0.12776
-0.121135
0.0363625
0.323523
-0.0703872
-0.304137
-0.0485965
0.0720486
0.298028
-0.370136
-0.601947
-0.0826387
-0.167709
-0.249761
-0.265754
-0.493821
-0.608682
-0.214023
0.230728
0.0884851
-0.353094
-0.155299
0.273281
0.298868
0.438934
0.448296
0.00897355
-0.0350784
0.0630124
-0.0122454
0.477561
0.653531
0.375365
0.191081
0.185527
0.345624
0.0677322
-0.116736
-0.133742
-0.458083
-0.370352
-0.0853078
-0.0813994
-0.0036471
-0.0949038
0.130126
0.678194
0.381373
0.0314445
0.179733
-0.00126764
0.0794651
0.437935
0.257916
0.180171
0.312243
0.201487
0.333391
0.463621
0.180128
0.00900195
0.0475437
0.214843
0.40947
0.358658
0.407728
0.594887
0.660405
0.572214
-0.00739248
-0.427399
-0.105364
-0.0275347
-0.123921
0.0696039
-0.0010883
-0.146839
-0.300166
-0.428173
-0.0894829
0.0140028
-0.0983133
0.0266838
-0.296804
-0.446355
-0.101274
-0.253414
-0.274448
0.0868084
-0.0395373
-0.289515
-0.247437
-0.0764118
0.0847922
0.0563118
-0.0110961
-0.0739401
-0.178661
-0.00341287
0.295927
0.443448
0.732924
0.888799
0.565479
0.264774
0.204107
0.297974
0.273749
-0.101782
-0.32246
-0.40794
-0.486869
-0.259739
-0.173598
-0.213138
-0.0403767
0.207967
0.492511
0.461286
0.287158
0.209107
0.0597196
0.131578
-0.0995287
-0.641397
-0.609846
-0.421102
-0.370565
-0.396208
-0.381706
-0.0778111
-0.0586021
-0.199529
-0.136126
-0.175094
-0.0491795
0.21741
0.139113
-0.345213
-0.56209
-0.233028
-0.160451
-0.0610335
0.233505
0.0141101
-0.115105
0.0749285
0.0994005
-0.094924
-0.448969
-0.576773
-0.562499
-0.334607
-0.0172488
-0.444131
-0.842482
-0.655307
-0.505816
-0.33375
-0.352674
-0.326331
0.0110352
0.0267791
0.054341
0.201044
0.165175
0.259091
0.105929
-0.224256
-0.224463
-0.168888
-0.043179
-0.0758606
-0.41412
-0.504274
-0.45353
-0.339214
-0.20388
-0.353019
-0.492552
-0.64366
-0.413789
0.361247
0.373975
0.187963
0.649353
0.474299
-0.197845
-0.42756
-0.282677
-0.0794298
-0.159656
-0.189506
-0.0872639
-0.112703
-0.0787996
0.0915306
0.397476
0.415013
0.2968
0.423157
0.237033
0.145322
0.319781
0.15946
-0.0706083
-0.205188
-0.0343944
0.0330882
-0.328995
-0.253186
-0.158125
-0.371616
-0.278708
-0.0848807
0.018495
-0.0403387
-0.0662138
-0.101703
-0.225289
0.0756255
0.311687
0.435557
0.597906
0.243817
0.0569546
-0.0340828
-0.345487
-0.301121
-0.275912
-0.114948
0.135057
0.0958281
0.292748
0.36215
0.188441
0.278683
0.326716
0.0748987
-0.164187
-0.0506588
0.0163665
0.0765022
0.345423
0.075447
-0.32199
-0.270684
-0.31069
-0.318699
-0.0435433
0.171106
0.101465
0.11317
0.168655
0.097986
0.366062
0.332289
-0.0612104
0.0205715
0.130086
0.323881
0.260004
-0.240023
-0.11932
0.0031586
0.0789134
0.465823
0.185403
-0.0955676
0.1699
0.212551
-0.186368
-0.482188
-0.104779
0.178511
0.26989
0.55786
0.371991
0.218366
0.257657
0.0587415
0.0926342
0.0486141
-0.0942983
-0.0270366
0.0197173
0.212169
0.348596
0.15994
-0.0474319
0.0552661
0.198931
0.059833
0.114585
0.00909365
-0.303852
0.0874503
0.268672
-0.12082
-0.183889
-0.30235
-0.443041
-0.283066
-0.153785
-0.0066779
0.0672413
-0.148167
-0.280422
0.00819309
0.156145
-0.171208
-0.197609
0.127043
0.0762767
-0.177127
-0.0528889
0.295089
0.386635
0.278918
0.0348951
-0.15984
0.0734596
0.242225
0.230794
0.38197
0.325129
0.228326
0.227722
0.117557
0.239033
0.259687
-0.00190787
0.0506544
0.237785
0.258948
0.188386
0.125508
0.204263
0.206455
0.11527
0.127762
0.192948
0.296733
0.258746
0.156566
0.182118
-0.0192413
-0.241731
-0.0101966
0.233236
0.0825957
-0.0562509
0.165686
0.301109
0.139212
0.0487082
0.0385817
0.100525
0.119886
0.0664334
0.216881
0.145189
-0.0794514
-0.0599965
-0.241393
-0.302981
-0.114585
-0.0996482
0.088969
0.196969
0.0744444
0.0851822
-0.0298536
-0.150685
-0.202297
-0.286698
-0.180763
-0.162405
-0.235833
-0.161865
-0.193503
-0.272042
-0.16454
-0.00593428
-0.0366115
-0.144343
-0.121836
-0.0745571
0.0052797
0.0948254
0.135401
0.196045
0.112839
-0.0085416
0.0474758
0.0213784
-0.164444
-0.243346
-0.136123
-0.0573218
-0.0657783
0.00237525
-0.00172479
-0.224473
-0.380907
-0.339313
-0.322441
-0.31788
-0.185021
-0.0234772
0.0430537
-0.0609149
-0.0960961
0.0744525
0.0917272
0.0678261
0.0328552
-0.174943
-0.106036
0.099806
0.165312
0.200522
0.0409929
0.00160172
0.0760912
-0.0238692
-0.0022779
-0.0445105
-0.11725
0.0116771
-0.0163269
-0.14597
-0.227363
-0.222236
-0.110435
-0.0855086
0.00751312
0.206293
0.28219
0.149911
-0.00909393
0.0372866
-0.0804288
-0.255893
-0.118505
-0.112836
-0.0998236
0.018015
-0.131713
-0.171884
-0.170167
-0.37306
-0.336229
